% Torque Vectoring Gains
TV_on = 1;
TV_vx_breakpoints= [7 11 15 19 23 27 31 35];
TV_Kp = [8006.9886 10801.0139 12104.8923 12859.7693 13352.0804 13698.5216 13955.5585 14153.8442];
TV_Ki = [72973.9929 245952.3897 332632.3625 384548.0689 419090.6486 443722.3350 462170.3852 476502.3895];
% TV_vx_breakpoints = [7 10 13 16 19 22];
% TV_Kp = [296.29 392.23 421.72 479.87 396.22 404.79];
% TV_Ki = [12716.7 12492.5 12040 11536.07 11058.5 13650];
%Traction Control Gains
TC_on = 1;
TC_target_slip = 0.07;
TC_breakpoints = [0,1];
TC_Kp = [0,0];
TC_Ki = [0,0];
TC_Kd = [0,0];


