%Load suspension hardpoints.

% ================= FRONT =================

HP.Front.UCA_F = [-667.767 255.586 286.586];  
HP.Front.UCA_R = [-450.612 268.586 291.511];
HP.Front.UCA_O = [-570.000 528.278 302.248];

HP.Front.LCA_F = [-689.186 225.353 160.718];
HP.Front.LCA_R = [-441.014 235.353 167.070];
HP.Front.LCA_O = [-580.314 555.946 154.822];

HP.Front.TCP   = [-570.000 595.000 0];

% ================= REAR =================

HP.Rear.UCA_F = [827.288 305.644 323.041];
HP.Rear.UCA_R = [1103.035 278.170 316.262];
HP.Rear.UCA_O = [937.269 514.277 325.069];

HP.Rear.LCA_F = [829.257 283.867 156.335];
HP.Rear.LCA_R = [1110.665 254.867 149.143];
HP.Rear.LCA_O = [951.039 534.974 128.153];

HP.Rear.TCP   = [960.000 591.416 0];


